201 0 39
202 0 38
203 0 40
204 0 35
205 0 34
206 115 5847
207 0 5724
208 0 4123
209 0 3451
210 0 3561
211 126 7770
212 0 5332
213 0 3672
214 0 3393
215 0 3184
216 132 8493
217 0 5358
218 0 5970
219 0 4802
220 0 5117
221 132 7518
222 0 4631
223 0 4548
224 0 4557
225 0 4618
226 164 7009
227 0 5244
228 0 5566
229 0 4667
230 0 4906
231 167 6354
232 0 3120
233 0 3248
234 0 3310
235 0 4238
236 173 6380
237 0 4385
238 0 4124
239 0 3631
240 0 4400
241 174 4641
242 0 3261
243 0 3400
244 0 3058
245 0 3076
246 177 4055
247 0 2535
248 0 2054
249 0 2229
250 0 2421
251 149 4162
252 0 4914
253 0 5136
254 0 5005
255 0 4448
256 145 8928
257 0 4529
258 0 5022
259 0 4961
260 0 3854
261 148 7283
262 0 5848
263 0 4528
264 0 4357
265 0 4237
266 148 4625
267 0 2751
268 0 2978
269 0 2856
270 0 3113
271 152 4983
272 0 3766
273 0 3405
274 0 3369
275 0 3783
276 171 5799
277 0 7458
278 0 6985
279 0 7917
280 0 6806
281 175 12995
282 0 7295
283 0 7056
284 0 7718
285 0 7588
286 172 10606
287 0 4801
288 0 5699
289 0 5179
290 0 5366
291 177 13196
292 0 7714
293 0 9569
294 0 8518
295 0 8283
296 174 12468
297 0 7015
298 0 5886
299 0 5709
300 0 7028
301 161 12533
302 0 8176
303 0 8085
304 0 7643
305 0 7691
306 168 12913
307 0 6951
308 0 7966
309 0 6892
310 0 7569
311 165 11946
312 0 7883
313 0 8287
314 0 7900
315 0 8036
316 162 10899
317 0 6430
318 0 6722
319 0 5574
320 0 5294
321 162 6193
322 0 4264
323 0 4648
324 0 4656
325 0 4730
326 182 8226
327 0 11028
328 0 10191
329 0 11853
330 0 9254
331 198 17754
332 0 11036
333 0 10617
334 0 10166
335 0 11391
336 197 15030
337 0 9084
338 0 9593
339 0 9934
340 0 8761
341 195 13503
342 0 7784
343 0 9531
344 0 8704
345 0 9481
346 194 13825
347 0 8135
348 0 8358
349 0 7461
350 0 7061
351 149 7985
352 0 4979
353 0 4619
354 0 5637
355 0 5733
356 157 9204
357 0 5830
358 0 5673
359 0 6930
360 0 6325
361 161 8812
362 0 4991
363 0 5120
364 0 4772
365 0 4742
366 164 8639
367 0 5037
368 0 5519
369 0 5010
370 0 5175
371 163 7860
372 0 4574
373 0 4073
374 0 4240
375 0 4034
376 155 8840
377 0 3926
378 0 5431
379 0 5187
380 0 4732
381 158 8407
382 0 4083
383 0 4435
384 0 4412
385 0 4352
386 161 7945
387 0 4375
388 0 5201
389 0 3986
390 0 4827
391 162 8015
392 0 4157
393 0 4406
394 0 4233
395 0 4193
396 161 7136
397 0 4048
398 0 4243
399 0 3813
400 0 4142
401 152 7866
402 0 5300
403 0 4826
404 0 4281
405 0 4435
406 145 9453
407 0 3957
408 0 4588
409 0 4558
410 0 5025
411 163 10482
412 0 7335
413 0 6310
414 0 4990
415 0 5168
416 162 8041
417 0 3842
418 0 3844
419 0 4212
420 0 3911
421 146 8627
422 0 5757
423 0 5169
424 0 5628
425 0 5532
426 172 12995
427 0 8909
428 0 9381
429 0 8305
430 0 7872
431 181 16869
432 0 9627
433 0 8462
434 0 9277
435 0 8836
436 189 16004
437 0 9664
438 0 8306
439 0 10754
440 0 11105
441 188 15748
442 0 9417
443 0 9489
444 0 10071
445 0 10754
446 186 18852
447 0 10399
448 0 9986
449 0 10550
450 0 10099
451 177 15512
452 0 8619
453 0 9754
454 0 9785
455 0 10095
456 186 16316
457 0 11519
458 0 10060
459 0 10219
460 0 11376
461 190 19412
462 0 8708
463 0 8962
464 0 9735
465 0 10164
466 192 16032
467 0 7702
468 0 9198
469 0 8785
470 0 10530
471 191 16586
472 0 8557
473 0 10520
474 0 8175
475 0 9114
476 133 10314
477 0 4811
478 0 4788
479 0 4566
480 0 4595
481 139 8672
482 0 5876
483 0 4643
484 0 5522
485 0 5283
486 139 8317
487 0 4586
488 0 5177
489 0 4193
490 0 3940
491 140 6623
492 0 4888
493 0 4748
494 0 4045
495 0 4676
496 144 7042
497 0 4409
498 0 4613
499 0 3641
500 0 3874
501 219 14540
502 0 12380
503 0 12598
504 0 13892
505 0 12741
506 213 22147
507 0 14821
508 0 11842
509 0 12816
510 0 14875
511 211 21700
512 0 15116
513 0 13750
514 0 13103
515 0 12038
516 214 23059
517 0 14954
518 0 15063
519 0 14732
520 0 15847
521 216 18887
522 0 10130
523 0 11689
524 0 11010
525 0 12079
526 189 13848
527 0 7771
528 0 7875
529 0 7317
530 0 7980
531 178 11200
532 0 6570
533 0 6983
534 0 7317
535 0 7912
536 176 12329
537 0 7558
538 0 7583
539 0 7596
540 0 7329
541 182 11528
542 0 7529
543 0 7517
544 0 7284
545 0 7212
546 179 13495
547 0 7759
548 0 8287
549 0 7310
550 0 8557
551 182 12575
552 0 7890
553 0 7027
554 0 7630
555 0 7357
556 199 11064
557 0 6480
558 0 6314
559 0 6463
560 0 8552
561 186 11048
562 0 7264
563 0 7606
564 0 7851
565 0 6971
566 185 13386
567 0 7574
568 0 7799
569 0 9793
570 0 9183
571 192 14432
572 0 8583
573 0 8608
574 0 7333
575 0 8382
576 196 14999
577 0 8124
578 0 7435
579 0 7433
580 0 7646
581 192 12849
582 0 7396
583 0 8496
584 0 9354
585 0 7574
586 202 12646
587 0 6707
588 0 7062
589 0 6325
590 0 7047
591 194 10884
592 0 5272
593 0 5008
594 0 5305
595 0 4813
596 222 7619
597 0 3807
598 0 4477
599 0 4182
600 0 4001
601 207 10453
602 0 9661
603 0 10298
604 0 9780
605 0 11114
606 222 8502
607 0 3690
608 0 2794
609 0 3306
610 0 3350
611 214 8304
612 0 7106
613 0 7795
614 0 7573
615 0 7316
616 207 5725
617 0 1710
618 0 1370
619 0 1243
620 0 1237
621 209 4799
622 0 6645
623 0 5028
624 0 5214
625 0 5341
626 215 10059
627 0 10023
628 0 8264
629 0 10664
630 0 9941
631 209 13840
632 0 10751
633 0 10874
634 0 10312
635 0 10181
636 209 18234
637 0 10050
638 0 9565
639 0 9285
640 0 9771
641 209 16745
642 0 9326
643 0 11832
644 0 10037
645 0 8924
646 217 14115
647 0 7746
648 0 8260
649 0 8912
650 0 8440
651 184 12040
652 0 9232
653 0 8114
654 0 8847
655 0 9002
656 198 14798
657 0 7261
658 0 6654
659 0 7665
660 0 8149
661 216 13719
662 0 7695
663 0 7921
664 0 7417
665 0 8990
666 216 13802
667 0 8091
668 0 7948
669 0 7948
670 0 8038
671 218 13457
672 0 9380
673 0 8844
674 0 9385
675 0 8166
676 214 18872
677 0 12348
678 0 11458
679 0 10769
680 0 12021
681 198 16168
682 0 9192
683 0 8662
684 0 10672
685 0 8371
686 223 22231
687 0 12726
688 0 13455
689 0 11867
690 0 11844
691 239 19942
692 0 13492
693 0 12724
694 0 13455
695 0 12407
696 244 19346
697 0 10980
698 0 12075
699 0 11341
700 0 10471
701 187 14497
702 0 7389
703 0 7667
704 0 9162
705 0 10422
706 200 14104
707 0 8690
708 0 8432
709 0 9967
710 0 10496
711 222 16520
712 0 8719
713 0 8142
714 0 7984
715 0 8485
716 204 14196
717 0 9101
718 0 7550
719 0 8439
720 0 7692
721 208 13259
722 0 9045
723 0 9585
724 0 8003
725 0 9041
726 190 11471
727 0 7812
728 0 8901
729 0 8898
730 0 8180
731 218 13725
732 0 7904
733 0 8279
734 0 8712
735 0 10231
736 197 17551
737 0 12243
738 0 11138
739 0 11507
740 0 11717
741 204 19936
742 0 8814
743 0 11236
744 0 11090
745 0 11024
746 218 19053
747 0 10650
748 0 12242
749 0 10228
750 0 12065
751 194 17407
752 0 9098
753 0 9257
754 0 8855
755 0 9050
756 221 16132
757 0 9688
758 0 9699
759 0 8987
760 0 9731
761 226 15050
762 0 8453
763 0 7696
764 0 8118
765 0 7605
766 232 11773
767 0 7341
768 0 6699
769 0 6765
770 0 6992
771 226 10753
772 0 5573
773 0 6358
774 0 5919
775 0 5339
776 222 9411
777 0 8990
778 0 7937
779 0 7599
780 0 8407
781 221 10359
782 0 6773
783 0 6018
784 0 6167
785 0 6516
786 224 11401
787 0 5711
788 0 7338
789 0 7064
790 0 7403
791 222 11935
792 0 7518
793 0 7199
794 0 8261
795 0 7776
796 226 12550
797 0 7240
798 0 6037
799 0 6628
800 0 6957
801 207 11537
802 0 8845
803 0 9027
804 0 9910
805 0 9593
806 213 14963
807 0 9580
808 0 10008
809 0 10548
810 0 10545
811 216 14165
812 0 7078
813 0 7005
814 0 6948
815 0 6797
816 213 8888
817 0 5651
818 0 5585
819 0 5496
820 0 5088
821 234 8472
822 0 4866
823 0 4560
824 0 4203
825 0 4667
826 221 6523
827 0 6465
828 0 6469
829 0 6920
830 0 6975
831 219 6948
832 0 2235
833 0 2277
834 0 2296
835 0 2193
836 223 6927
837 0 5900
838 0 6062
839 0 5321
840 0 3881
841 227 4229
842 0 1412
843 0 1416
844 0 1309
845 0 1307
846 224 1954
847 0 1002
848 0 1153
849 0 1105
850 0 1119
851 220 6499
852 0 10535
853 0 11080
854 0 11685
855 0 10489
856 246 15123
857 0 8847
858 0 9008
859 0 8317
860 0 8893
861 241 13909
862 0 8145
863 0 7790
864 0 7941
865 0 6483
866 237 8655
867 0 5847
868 0 5906
869 0 5189
870 0 5042
871 238 8919
872 0 4673
873 0 4959
874 0 4241
875 0 4543
876 179 8852
877 0 7728
878 0 7122
879 0 6419
880 0 8100
881 199 12205
882 0 8303
883 0 8101
884 0 7865
885 0 7487
886 194 12225
887 0 7166
888 0 6507
889 0 6643
890 0 6750
891 198 11419
892 0 6994
893 0 8116
894 0 7818
895 0 7639
896 202 10606
897 0 6867
898 0 5701
899 0 6276
900 0 6395
901 192 10121
902 0 9345
903 0 6827
904 0 8171
905 0 7587
906 217 15842
907 0 9793
908 0 9624
909 0 10713
910 0 9840
911 219 17082
912 0 11750
913 0 10348
914 0 11777
915 0 11478
916 217 18873
917 0 10959
918 0 10901
919 0 11525
920 0 11153
921 232 18519
922 0 11393
923 0 10587
924 0 9524
925 0 12083
926 199 16827
927 0 10903
928 0 11843
929 0 13070
930 0 10149
931 222 18819
932 0 12488
933 0 10727
934 0 14297
935 0 12077
936 236 18959
937 0 13253
938 0 14004
939 0 10727
940 0 12075
941 435 22933
942 0 13862
943 0 14223
944 0 12894
945 0 12492
946 383 20372
947 0 11374
948 0 11700
949 0 10071
950 0 10646
951 241 20515
952 0 10044
953 0 9282
954 0 10820
955 0 9860
956 253 18526
957 0 11209
958 0 10478
959 0 10647
960 0 9677
961 207 17704
962 0 11255
963 0 11543
964 0 10553
965 0 10865
966 208 16305
967 0 8530
968 0 9168
969 0 9520
970 0 8635
971 211 13353
972 0 8186
973 0 6907
974 0 8278
975 0 7036
976 1426 13278
977 0 11455
978 0 10528
979 0 10403
980 0 9751
981 1599 17648
982 0 10335
983 0 8472
984 0 8801
985 0 8904
986 473 14201
987 0 10403
988 0 7901
989 0 7132
990 0 6482
991 3326 9694
992 0 2648
993 0 2315
994 0 2853
995 0 2975
996 237 5449
997 0 3303
998 0 3427
999 0 3658
1000 0 3540
1001 513 12032
1002 0 10803
1003 0 11280
1004 0 11779
1005 0 11092
1006 234 11558
1007 0 4598
1008 0 5324
1009 0 5097
1010 0 6045
1011 282 12835
1012 0 10339
1013 0 10182
1014 0 9253
1015 0 11672
1016 243 11537
1017 0 6193
1018 0 7284
1019 0 6649
1020 0 7564
1021 238 12047
1022 0 8714
1023 0 7849
1024 0 8374
1025 0 8114
1026 359 10878
1027 0 6813
1028 0 7021
1029 0 6970
1030 0 7350
1031 243 14242
1032 0 8443
1033 0 9010
1034 0 9745
1035 0 9257
1036 235 10266
1037 0 5302
1038 0 5535
1039 0 6513
1040 0 5559
1041 255 8643
1042 0 5424
1043 0 5597
1044 0 5640
1045 0 4862
1046 235 8596
1047 0 4972
1048 0 5138
1049 0 5808
1050 0 5335
1051 546 10137
1052 0 7827
1053 0 9508
1054 0 8477
1055 0 7590
1056 238 9366
1057 0 5215
