00201 257 252 0
00202 257 252 0
00203 257 246 4
00204 257 239 4
00205 257 237 5
00206 257 245 1
00207 257 229 2
00208 257 237 1
00209 257 236 1
00210 257 235 0
00211 257 242 1
00212 257 230 1
00213 257 229 0
00214 257 227 1
00215 256 220 1
00216 253 240 1
00217 255 227 1
00218 255 223 2
00219 255 220 3
00220 255 218 6
00221 253 229 2
00222 253 218 2
00223 253 218 2
00224 252 218 2
00225 250 217 2
00226 247 306 4
00227 321 289 5
00228 321 278 5
00229 321 273 7
00230 320 268 6
00231 320 284 6
00232 320 267 3
00233 317 262 4
00234 317 260 3
00235 317 254 7
00236 315 277 9
00237 317 255 9
00238 316 247 9
00239 314 241 10
00240 313 238 10
00241 308 251 10
00242 312 232 10
00243 312 227 11
00244 312 226 10
00245 311 226 9
00246 306 243 8
00247 309 226 7
00248 309 223 8
00249 305 219 9
00250 301 215 6
00251 293 305 13
00252 380 295 11
00253 376 290 12
00254 371 288 12
00255 365 284 12
00256 371 291 9
00257 365 282 12
00258 363 276 11
00259 362 270 9
00260 355 259 8
00261 352 269 11
00262 352 267 10
00263 346 262 8
00264 338 254 8
00265 336 249 6
00266 326 237 6
00267 326 226 5
00268 323 221 5
00269 320 217 5
00270 320 213 6
00271 316 229 11
00272 316 220 8
00273 312 212 7
00274 310 207 8
00275 309 201 9
00276 301 281 12
00277 386 268 7
00278 385 258 9
00279 384 258 6
00280 384 249 7
00281 383 274 16
00282 382 260 8
00283 379 257 7
00284 379 256 7
00285 379 251 6
00286 377 257 13
00287 379 244 7
00288 377 239 5
00289 375 238 5
00290 373 233 6
00291 369 246 18
00292 366 226 14
00293 362 218 12
00294 359 209 12
00295 358 203 11
00296 352 224 12
00297 350 212 7
00298 346 205 5
00299 343 196 6
00300 340 189 7
00301 339 279 16
00302 417 258 11
00303 416 254 11
00304 415 250 11
00305 414 244 10
00306 413 268 16
00307 410 257 13
00308 408 254 16
00309 404 248 17
00310 402 244 17
00311 401 230 17
00312 398 217 15
00313 389 213 16
00314 387 202 17
00315 384 195 16
00316 376 207 16
00317 366 195 13
00318 358 189 14
00319 344 183 15
00320 328 177 17
00321 319 162 25
00322 314 154 22
00323 304 145 22
00324 298 143 21
00325 295 137 20
00326 291 245 13
00327 390 227 9
00328 387 225 9
00329 383 224 10
00330 382 221 11
00331 378 229 24
00332 375 209 20
00333 370 206 19
00334 364 203 17
00335 363 201 17
00336 355 220 19
00337 351 199 21
00338 351 196 24
00339 348 193 22
00340 344 188 23
00341 338 201 26
00342 335 180 25
00343 331 178 25
00344 331 175 23
00345 328 168 24
00346 326 189 26
00347 324 172 24
00348 316 169 21
00349 312 165 21
00350 311 156 23
00351 298 239 14
00352 366 212 11
00353 362 206 11
00354 356 197 11
00355 354 196 10
00356 352 206 29
00357 347 192 26
00358 343 190 23
00359 330 186 24
00360 330 183 23
00361 327 188 28
00362 318 183 23
00363 313 180 22
00364 310 179 20
00365 305 179 19
00366 303 174 24
00367 301 171 23
00368 300 167 22
00369 298 166 22
00370 298 165 21
00371 298 176 25
00372 297 172 19
00373 297 172 17
00374 297 172 18
00375 297 174 16
00376 297 325 14
00377 449 308 11
00378 449 308 9
00379 449 309 8
00380 449 308 9
00381 451 331 19
00382 451 317 15
00383 451 317 14
00384 451 318 12
00385 451 319 12
00386 451 324 18
00387 453 307 16
00388 453 307 15
00389 454 306 15
00390 457 308 14
00391 458 333 16
00392 459 317 13
00393 461 318 13
00394 463 318 13
00395 463 318 15
00396 463 327 20
00397 464 312 20
00398 468 313 22
00399 473 314 20
00400 477 311 22
00401 475 390 12
00402 523 373 7
00403 525 375 7
00404 525 369 7
00405 527 367 8
00406 538 383 23
00407 540 360 24
00408 545 358 22
00409 545 359 21
00410 544 359 20
00411 546 383 23
00412 548 360 20
00413 549 357 19
00414 551 356 17
00415 552 353 17
00416 552 412 17
00417 556 371 15
00418 559 368 16
00419 561 371 15
00420 567 367 16
00421 566 399 26
00422 567 353 21
00423 570 349 20
00424 571 347 19
00425 575 341 19
00426 578 469 18
00427 629 414 13
00428 630 414 12
00429 635 410 13
00430 638 412 14
00431 642 414 32
00432 643 365 29
00433 648 355 26
00434 654 356 26
00435 660 350 28
00436 664 456 25
00437 675 396 28
00438 679 379 29
00439 677 374 25
00440 681 358 33
00441 681 435 29
00442 679 366 29
00443 683 351 31
00444 685 346 29
00445 684 332 35
00446 689 440 34
00447 701 344 27
00448 711 340 26
00449 715 331 29
00450 717 324 30
00451 726 489 41
00452 784 438 34
00453 783 426 38
00454 782 423 38
00455 786 418 40
00456 787 450 58
00457 783 386 43
00458 780 373 40
00459 775 364 43
00460 772 355 44
00461 773 474 47
00462 775 388 45
00463 769 363 46
00464 766 351 45
00465 759 335 46
00466 754 426 50
00467 750 346 33
00468 752 335 33
00469 751 329 36
00470 749 315 41
00471 741 436 45
00472 737 335 42
00473 733 337 36
00474 727 335 33
00475 723 330 33
00476 723 472 50
00477 784 406 49
00478 783 394 50
00479 781 384 54
00480 778 390 48
00481 775 470 72
00482 767 426 64
00483 763 422 65
00484 757 432 57
00485 757 424 59
00486 756 469 60
00487 751 415 49
00488 748 410 44
00489 749 411 44
00490 747 402 38
00491 743 478 58
00492 748 430 47
00493 746 409 48
00494 749 405 44
00495 751 401 43
00496 754 464 49
00497 756 405 41
00498 757 400 40
00499 755 395 40
00500 752 390 37
00501 759 513 61
00502 823 467 53
00503 822 461 54
00504 822 455 53
00505 822 457 54
00506 822 511 68
00507 823 459 61
00508 824 462 59
00509 826 463 60
00510 826 461 69
00511 826 535 76
00512 824 487 73
00513 823 484 62
00514 823 486 63
00515 822 487 64
00516 821 526 66
00517 820 483 63
00518 818 490 61
00519 817 486 58
00520 818 483 57
00521 818 541 61
00522 818 497 60
00523 818 497 58
00524 818 495 60
00525 818 493 58
00526 819 593 58
00527 885 566 51
00528 885 564 47
00529 885 564 47
00530 885 566 46
00531 886 597 60
00532 885 568 50
00533 886 570 52
00534 886 573 51
00535 886 572 51
00536 883 595 58
00537 885 575 51
00538 885 571 49
00539 885 569 49
00540 886 569 47
00541 884 598 59
00542 886 574 53
00543 886 573 51
00544 886 570 51
00545 886 574 49
00546 885 599 57
00547 888 579 50
00548 888 574 50
00549 887 575 49
00550 887 574 46
00551 886 645 55
00552 926 608 47
00553 926 607 45
00554 926 602 44
00555 927 602 43
00556 926 642 52
00557 927 608 45
00558 926 603 45
00559 926 603 42
00560 925 604 41
00561 924 645 49
00562 924 607 41
00563 924 606 43
00564 925 606 41
00565 923 594 42
00566 921 638 53
00567 921 607 45
00568 919 603 42
00569 917 604 41
00570 915 600 40
00571 912 623 58
00572 912 579 49
00573 910 571 50
00574 909 561 57
00575 908 567 53
00576 907 661 51
00577 949 595 47
00578 944 585 47
00579 937 575 48
00580 923 576 46
00581 919 635 57
00582 914 561 48
00583 909 554 45
00584 904 541 46
00585 902 539 43
00586 899 614 59
00587 898 556 49
00588 897 544 46
00589 895 537 41
00590 889 527 41
00591 883 577 46
00592 877 497 41
00593 866 483 39
00594 851 471 42
00595 838 458 42
00596 827 543 58
00597 811 477 50
00598 803 470 48
00599 785 461 52
00600 773 442 52
00601 759 526 58
00602 797 481 51
00603 781 469 49
00604 777 465 50
00605 765 459 53
00606 758 485 57
00607 750 411 51
00608 742 390 53
00609 735 383 50
00610 726 365 55
00611 710 419 63
00612 697 394 57
00613 685 384 54
00614 668 373 58
00615 660 366 60
00616 644 368 60
00617 633 304 49
00618 624 291 50
00619 614 281 49
00620 604 273 50
00621 589 316 61
00622 577 300 54
00623 571 290 49
00624 562 288 52
00625 554 283 52
00626 551 373 39
00627 611 342 27
00628 607 336 26
00629 604 329 30
00630 600 327 27
00631 598 351 49
00632 598 332 47
00633 598 339 43
00634 600 335 47
00635 600 336 46
00636 598 349 51
00637 598 330 45
00638 599 330 43
00639 596 328 43
00640 590 319 47
00641 582 332 49
00642 569 302 46
00643 561 299 42
00644 555 289 43
00645 551 288 40
00646 545 304 42
00647 546 293 39
00648 546 292 38
00649 548 293 39
00650 548 295 36
00651 546 421 24
00652 650 374 19
00653 650 372 19
00654 651 371 19
00655 651 371 18
00656 647 409 41
00657 647 385 34
00658 647 383 34
00659 647 383 34
00660 647 383 34
00661 646 404 44
00662 648 380 37
00663 647 378 37
00664 648 374 35
00665 647 373 35
00666 641 390 42
00667 630 362 35
00668 622 348 41
00669 617 346 37
00670 616 346 37
00671 622 389 40
00672 625 365 36
00673 625 361 38
00674 624 360 38
00675 623 359 38
00676 623 456 26
00677 681 410 22
00678 681 410 21
00679 681 410 21
00680 677 406 22
00681 675 440 42
00682 671 404 33
00683 669 399 35
00684 664 393 36
00685 658 385 37
00686 652 411 52
00687 648 382 47
00688 643 377 44
00689 640 377 43
00690 638 373 43
00691 631 399 42
00692 629 367 39
00693 624 361 41
00694 619 358 39
00695 610 354 39
00696 601 381 43
00697 595 351 38
00698 591 349 41
00699 591 342 42
00700 591 341 40
00701 577 432 14
00702 626 393 9
00703 623 389 9
00704 618 384 11
00705 619 381 11
00706 612 390 42
00707 609 376 40
00708 609 376 40
00709 607 375 37
00710 605 373 35
00711 604 378 33
00712 602 369 27
00713 601 365 28
00714 600 362 31
00715 600 362 29
00716 599 379 36
00717 598 368 34
00718 597 369 33
00719 597 371 33
00720 597 373 32
00721 596 384 28
00722 595 372 25
00723 595 368 25
00724 595 366 27
00725 595 365 26
00726 594 453 20
00727 656 436 18
00728 656 435 18
00729 658 434 17
00730 657 432 17
00731 658 444 35
00732 659 436 29
00733 661 436 28
00734 666 433 29
00735 669 435 28
00736 677 445 39
00737 684 437 39
00738 687 437 41
00739 698 442 43
00740 706 444 45
00741 712 459 42
00742 723 451 42
00743 734 449 45
00744 743 447 54
00745 744 456 53
00746 762 477 55
00747 768 463 53
00748 784 451 55
00749 788 456 54
00750 803 458 56
00751 825 542 28
00752 862 455 25
00753 875 447 24
00754 879 439 27
00755 889 429 28
00756 907 577 54
00757 903 448 51
00758 919 438 53
00759 931 421 57
00760 950 419 64
00761 964 617 50
00762 975 406 52
00763 991 394 57
00764 995 390 56
00765 996 377 57
00766 1008 672 52
00767 1017 387 51
00768 1024 376 56
00769 1033 372 53
00770 1042 370 52
00771 1052 696 44
00772 1069 347 46
00773 1083 339 47
00774 1089 340 44
00775 1106 339 47
00776 1095 819 33
00777 1190 756 26
00778 1206 762 27
00779 1209 763 29
00780 1213 768 31
00781 1214 747 72
00782 1219 565 60
00783 1221 569 58
00784 1225 574 58
00785 1233 582 57
00786 1245 850 60
00787 1251 702 54
00788 1254 703 49
00789 1256 714 43
00790 1258 725 38
00791 1258 795 60
00792 1258 647 49
00793 1258 643 48
00794 1258 642 51
00795 1260 641 48
00796 1260 888 48
00797 1260 747 44
00798 1257 747 41
00799 1252 747 40
00800 1252 748 39
00801 1252 833 68
00802 1281 767 63
00803 1280 756 68
00804 1279 758 65
00805 1270 760 68
00806 1268 902 64
00807 1262 813 61
00808 1257 800 65
00809 1246 774 67
00810 1232 745 70
00811 1222 829 71
00812 1210 671 63
00813 1189 657 64
00814 1177 640 62
00815 1161 620 63
00816 1144 811 62
00817 1130 667 53
00818 1119 656 50
00819 1117 645 42
00820 1099 627 43
00821 1083 697 57
00822 1075 548 47
00823 1061 537 45
00824 1041 505 55
00825 1022 478 56
00826 1004 726 51
00827 1060 690 47
00828 1042 671 54
00829 1019 663 50
00830 999 653 44
00831 984 589 63
00832 957 446 41
00833 951 444 34
00834 941 431 30
00835 925 407 38
00836 920 584 53
00837 913 542 45
00838 895 535 41
00839 880 506 41
00840 872 494 34
00841 847 485 42
00842 828 355 29
00843 818 349 28
00844 814 346 26
00845 792 335 29
00846 784 470 34
00847 776 307 25
00848 760 279 30
00849 745 263 33
00850 729 262 27
00851 719 532 39
00852 837 505 28
00853 822 496 27
00854 804 491 23
00855 787 474 22
00856 764 434 38
00857 759 419 32
00858 737 405 29
00859 724 391 31
00860 712 380 30
00861 694 411 30
00862 666 382 27
00863 662 371 29
00864 652 367 23
00865 641 355 23
00866 633 318 32
00867 621 304 33
00868 597 302 30
00869 590 301 23
00870 578 299 27
00871 554 329 21
00872 540 313 20
00873 529 309 20
00874 512 305 17
00875 494 299 17
00876 486 382 12
00877 584 348 10
00878 566 343 10
00879 562 335 10
00880 556 329 9
00881 551 357 17
00882 549 336 16
00883 545 323 20
00884 542 319 19
00885 538 315 19
00886 531 314 15
00887 524 297 15
00888 520 294 15
00889 511 291 15
00890 511 285 15
00891 510 315 17
00892 508 298 16
00893 509 296 15
00894 508 296 17
00895 504 295 17
00896 503 292 13
00897 502 277 11
00898 498 278 11
00899 498 274 9
00900 499 275 9
00901 497 440 10
00902 630 393 10
00903 632 392 8
00904 632 390 8
00905 632 390 8
00906 621 422 14
00907 619 388 11
00908 621 386 12
00909 625 385 15
00910 629 385 15
00911 635 419 21
00912 638 393 17
00913 640 395 18
00914 641 396 17
00915 643 399 17
00916 648 420 19
00917 657 396 19
00918 666 399 17
00919 670 396 20
00920 674 401 18
00921 671 435 21
00922 678 415 21
00923 678 417 18
00924 682 418 17
00925 684 420 20
00926 680 490 8
00927 727 457 4
00928 735 455 5
00929 736 454 5
00930 741 458 7
00931 744 507 20
00932 746 490 16
00933 759 497 16
00934 769 500 14
00935 770 505 13
00936 774 494 24
00937 786 481 16
00938 795 479 19
00939 798 490 16
00940 802 492 13
00941 810 530 17
00942 811 507 15
00943 812 506 14
00944 822 499 17
00945 840 505 14
00946 847 520 10
00947 855 483 14
00948 856 479 15
00949 871 480 14
00950 875 474 17
00951 879 588 18
00952 923 503 13
00953 932 502 13
00954 937 487 14
00955 947 487 15
00956 954 591 28
00957 958 483 22
00958 962 469 20
00959 960 465 23
00960 972 465 21
00961 988 621 26
00962 991 459 23
00963 991 458 26
00964 1009 449 25
00965 1007 446 27
00966 1009 633 32
00967 1029 433 29
00968 1029 431 25
00969 1035 427 26
00970 1050 435 25
00971 1055 689 30
00972 1057 419 25
00973 1064 412 27
00974 1081 411 27
00975 1082 385 31
00976 1104 788 53
00977 1201 700 45
00978 1213 685 41
00979 1221 682 44
00980 1228 682 45
00981 1239 797 83
00982 1242 768 73
00983 1249 767 70
00984 1254 764 68
00985 1263 750 66
00986 1275 868 84
00987 1279 780 74
00988 1291 772 74
00989 1288 749 71
00990 1287 738 71
00991 1330 889 68
00992 1337 554 37
00993 1335 555 39
00994 1342 565 36
00995 1342 568 45
00996 1355 905 61
00997 1364 580 50
00998 1369 571 52
00999 1374 576 58
01000 1388 588 61
01001 1384 954 77
01002 1432 887 67
01003 1446 889 61
01004 1451 888 56
01005 1453 883 58
01006 1473 915 89
01007 1474 670 56
01008 1475 680 54
01009 1479 691 52
01010 1476 696 54
01011 1462 958 88
01012 1470 829 65
01013 1472 823 61
01014 1474 827 62
01015 1469 826 64
01016 1479 966 77
01017 1484 766 62
01018 1484 769 65
01019 1484 766 66
01020 1484 777 66
01021 1481 955 93
01022 1474 772 85
01023 1473 777 81
01024 1470 783 80
01025 1464 785 72
01026 1455 957 80
01027 1471 910 65
01028 1472 906 60
01029 1472 911 59
01030 1462 895 62
01031 1453 939 98
01032 1449 820 84
01033 1439 816 84
01034 1428 814 81
01035 1421 806 76
01036 1411 918 78
01037 1396 837 66
01038 1389 835 67
01039 1381 833 64
01040 1371 829 64
01041 1363 883 81
01042 1361 787 75
01043 1356 782 68
01044 1355 779 65
01045 1355 772 70
01046 1354 916 59
01047 1354 812 55
01048 1353 812 58
01049 1358 814 57
01050 1363 809 64
01051 1361 868 98
01052 1377 840 82
01053 1377 840 83
01054 1379 838 82
01055 1381 835 83
01056 1383 915 68
01057 1382 809 62
