7
6
6
6
79
78
7
4
62
66
70
73
43
51
13
13
56
57
46
39
62
73
11
37
6
58
73
28
24
77
78
47
42
12
12
17
13
6
6
8
8
9
8
6
17
25
58
59
84
86
73
80
11
9
57
52
51
44
12
10
52
11
11
10
87
97
86
87
79
70
92
91
53
53
49
56
91
84
60
60
61
59
86
85
64
22
7
18
2
17
16
54
68
71
50
86
96
66
74
8
11
12
8
8
8
13
13
9
9
21
60
49
4
4
51
9
14
73
66
70
74
73
63
57
54
69
48
21
66
76
73
70
71
74
75
70
67
68
68
57
73
60
62
26
7
52
61
54
32
77
76
74
1
54
65
12
57
9
9
4
35
11
10
12
9
9
11
12
8
3
4
50
43
58
13
12
11
9
9
10
92
64
62
8
81
97
21
81
59
74
66
53
51
71
61
93
80
13
6
8
59
55
14
8
14
9
39
49
7
11
6
71
62
20
98
66
71
4
59
63
9
77
3
6
7
8
2
4
58
73
10
8
75
48
34
52
70
20
20
28
24
62
62
73
49
44
10
4
14
33
80
2
10
7
14
21
19
48
52
58
2
19
61
74
53
69
65
78
57
55
63
66
5
9
23
82
13
77
75
72
57
54
73
61
22
57
82
73
57
50
5
78
76
45
75
6
5
60
64
64
76
84
60
52
17
61
78
42
73
2
77
64
53
68
68
32
59
62
79
87
93
28
96
59
70
87
90
63
64
9
80
3
84
3
18
20
6
74
71
55
18
21
88
92
21
49
26
5
47
29
81
62
38
4
6
77
59
91
56
83
85
102
62
24
86
66
71
49
66
15
48
69
84
54
3
80
69
98
73
82
70
50
59
80
77
65
71
43
76
72
29
69
89
81
86
110
65
97
94
68
9
9
85
57
62
63
3
74
36
58
88
101
107
87
67
83
47
35
34
74
85
32
82
67
91
87
52
60
95
5
3
78
12
25
23
49
85
23
69
88
69
22
22
70
81
12
11
7
18
66
75
33
63
69
34
66
76
69
63
61
61
59
62
68
59
54
59
88
90
2
8
61
71
7
32
73
18
32
60
89
40
75
9
34
18
24
22
17
17
19
25
57
83
27
19
22
31
21
21
15
34
34
23
18
23
19
11
15
20
2
13
19
14
19
19
28
28
26
24
28
27
28
20
15
42
59
63
29
29
21
21
26
26
62
82
98
62
71
56
78
23
44
32
26
22
79
80
77
64
73
51
4
61
5
4
22
11
61
67
24
4
18
34
52
73
3
59
19
4
23
2
16
21
23
23
29
28
38
14
27
28
37
14
13
23
19
4
15
32
35
29
46
49
31
22
22
6
10
12
26
65
5
37
50
28
67
41
61
18
10
10
20
19
16
16
11
18
16
46
5
50
57
36
6
17
13
7
21
11
20
23
44
70
9
13
1
7
6
14
14
14
14
13
12
14
13
14
14
14
14
12
14
12
12
14
11
12
11
11
76
49
12
10
75
90
79
59
10
12
72
7
18
76
62
77
76
78
13
12
12
95
70
67
11
52
50
34
45
49
46
42
17
74
33
22
39
22
30
4
34
15
35
20
74
86
86
73
16
15
57
79
17
88
20
60
16
92
46
6
91
26
94
24
79
11
17
36
64
52
57
70
52
81
55
13
11
17
89
11
11
82
6
62
23
6
52
64
1
19
11
1
2
1
58
57
40
58
17
10
39
82
13
77
87
54
52
50
75
80
11
62
19
74
75
48
68
13
59
68
15
33
72
71
1
64
12
13
14
11
15
13
16
8
79
27
69
35
107
21
27
10
15
91
68
10
18
8
8
39
27
77
16
70
47
4
53
42
30
11
38
44
12
19
20
20
35
20
54
19
87
16
17
14
16
45
39
15
57
4
17
19
12
23
18
34
21
14
16
48
11
8
13
12
12
20
11
19
21
18
26
6
18
22
17
22
21
23
20
20
8
22
32
20
45
52
9
6
9
42
10
8
11
3
6
6
56
11
19
9
5
5
19
57
24
66
64
46
61
45
7
15
63
11
11
14
46
5
19
13
10
12
18
10
14
11
44
11
58
65
14
8
17
15
7
51
9
14
5
14
17
20
6
57
14
22
16
7
14
16
29
46
64
56
61
49
28
8
14
13
8
10
15
56
57
52
24
3
46
46
52
40
73
61
61
17
48
15
51
8
6
33
52
36
26
18
43
49
8
18
49
30
27
27
27
29
45
36
38
37
23
26
31
4
6
12
9
5
31
76
9
11
10
5
39
2
2
10
32
43
9
5
19
29
29
25
24
24
24
25
24
27
18
26
27
23
10
21
21
22
26
19
24
10
6
25
44
26
4
25
27
44
3
37
13
24
22
8
2
74
40
24
1
22
28
14
25
22
22
22
22
22
23
44
46
37
17
34
34
30
21
32
39
36
48
67
4
6
20
3
5
8
4
30
6
70
1
29
6
38
74
39
55
6
8
39
6
37
1
39
58
44
44
29
29
44
36
40
2
12
6
19
38
4
2
9
54
45
32
1
1
21
17
6
33
20
18
41
44
3
3
33
1
40
49
76
20
4
73
14
46
8
2
48
72
62
30
77
11
60
47
2
64
43
12
51
43
12
48
3
2
37
41
40
36
39
46
29
46
5
32
19
19
1
1
18
1
20
57
76
9
22
13
11
11
13
17
23
18
17
54
59
52
31
58
66
21
44
2
20
62
58
59
47
56
51
66
25
47
51
38
78
85
1
2
70
50
43
73
52
57
54
41
47
25
26
57
56
69
62
48
60
59
60
49
76
84
60
54
63
2
1
43
38
24
23
64
17
17
18
24
21
17
15
12
11
10
11
58
26
24
56
45
58
64
34
28
37
53
65
20
19
8
3
24
23
50
56
60
61
34
61
13
4
5
5
74
54
36
7
2
33
21
32
48
57
29
23
60
30
53
56
29
24
31
56
57
56
37
61
30
6
48
4
28
63
67
9
23
28
29
58
34
18
31
17
54
50
48
60
31
58
57
9
47
31
49
13
2
37
21
51
60
44
50
50
49
46
64
47
13
55
46
50
44
12
33
18
45
15
37
19
59
28
58
56
48
68
39
47
34
60
61
48
32
63
6
67
48
70
10
12
39
56
49
25
15
61
41
57
41
30
59
46
42
20
41
46
62
53
50
36
22
22
20
48
39
27
53
43
27
2
45
69
49
63
56
55
25
53
36
30
52
40
50
26
26
56
30
60
41
48
54
43
57
36
42
50
25
28
44
28
21
35
44
41
46
22
40
30
51
50
53
29
39
55
29
10
13
24
6
9
13
23
42
41
43
37
46
18
44
14
28
43
39
32
12
37
43
16
42
59
2
38
44
36
36
2
42
52
37
33
26
33
26
24
30
33
3
4
17
17
27
34
45
33
3
29
44
35
39
24
45
44
4
16
29
5
20
17
17
33
40
40
16
37
37
51
37
44
36
43
3
4
32
28
26
27
47
31
28
26
26
22
22
39
31
23
28
40
40
30
32
21
27
39
43
30
44
30
23
41
30
44
40
32
35
30
24
29
38
31
27
34
39
24
19
26
25
34
29
4
35
48
29
27
37
30
18
39
46
22
31
38
19
22
29
30
30
20
6
15
23
36
29
13
7
13
21
26
26
33
22
16
21
17
11
22
26
17
10
24
5
30
30
26
18
28
27
23
29
28
19
17
46
27
34
27
30
25
22
26
6
21
28
27
17
19
25
29
12
23
32
32
24
26
22
26
17
26
43
32
23
26
40
27
26
27
27
46
29
26
27
28
27
29
27
21
18
17
26
27
20
20
5
6
24
28
27
27
4
4
2
17
29
22
24
31
30
17
31
31
26
9
23
13
20
19
30
17
16
31
12
19
16
20
17
31
19
23
29
19
15
5
25
15
29
18
29
20
10
13
10
11
13
10
11
10
18
9
17
11
10
11
12
11
12
12
13
10
13
12
12
14
13
15
11
11
11
14
10
10
13
14
6
10
23
29
28
29
25
20
19
23
23
10
11
11
12
11
13
23
20
6
6
28
6
7
4
6
9
4
4
4
31
28
11
7
28
10
13
7
5
16
19
6
5
4
21
13
7
19
33
12
5
14
5
19
1
18
33
24
4
16
5
5
7
12
5
14
6
5
18
6
8
4
6
2
5
6
7
26
27
26
27
26
1
17
20
24
3
1
26
21
2
22
2
9
20
29
1
15
27
15
16
9
9
10
29
24
29
36
28
29
23
31
24
34
14
28
31
29
21
27
27
28
29
29
19
31
31
32
32
28
26
18
29
33
24
23
22
30
29
28
24
19
28
30
22
35
29
28
21
28
22
35
21
2
25
26
21
30
23
8
31
11
25
22
2
23
9
10
8
11
22
20
4
4
11
8
34
11
5
9
26
22
11
6
29
13
7
20
32
17
10
8
10
10
6
8
10
8
14
14
1
1
11
7
13
13
10
19
21
6
28
32
29
16
25
30
3
32
14
15
20
24
20
18
27
30
30
28
29
30
28
32
33
31
32
24
17
29
21
31
33
32
29
29
29
5
28
21
16
32
29
23
30
26
31
12
32
5
23
32
30
30
27
19
19
4
1
29
26
16
27
4
2
4
5
5
4
2
4
4
17
1
10
16
15
10
14
15
14
22
11
18
24
16
28
27
29
28
28
25
27
27
24
26
29
10
31
31
31
28
26
27
30
26
28
11
27
25
24
4
28
31
31
20
26
14
15
10
13
31
20
29
22
29
29
29
27
29
20
29
31
20
26
29
25
22
28
25
12
12
25
26
32
31
29
26
26
20
32
31
23
1
24
25
23
20
12
22
19
13
17
1
14
18
13
23
13
26
13
8
18
12
8
25
15
16
15
12
7
14
14
9
15
13
14
12
13
17
14
12
18
24
15
14
17
16
16
20
1
13
14
15
21
15
21
15
8
15
15
13
9
17
25
14
24
24
16
17
8
6
25
11
16
15
9
9
22
10
8
16
15
19
8
17
9
22
16
10
17
19
19
12
26
15
13
25
16
23
26
15
16
9
13
20
17
12
19
18
15
8
9
10
17
1
8
9
9
13
14
16
21
17
1
7
14
17
15
17
13
12
1
17
10
6
13
7
19
19
21
1
1
10
10
17
12
16
8
17
14
9
5
18
12
5
17
18
11
16
8
17
16
13
1
12
10
4
4
1
2
4
4
6
2
4
4
1
5
14
15
12
8
4
8
18
17
17
1
6
1
1
11
12
11
16
17
14
12
1
18
19
17
11
1
9
14
1
19
2
1
18
12
4
3
2
3
1
8
11
1
10
18
8
18
9
10
6
18
18
1
1
13
3
1
1
11
6
7
7
14
6
5
9
10
10
3
14
13
16
3
5
6
15
18
6
12
14
6
7
10
9
11
9
15
1
8
9
10
3
8
16
9
15
15
11
16
1
10
4
2
9
1
3
8
8
9
7
10
5
6
9
13
5
3
1
10
9
9
2
5
10
3
9
9
3
2
8
7
4
3
7
9
1
11
4
5
4
4
4
17
4
5
6
12
3
13
5
6
4
4
3
4
6
17
15
6
6
3
5
3
3
6
5
9
6
5
17
6
6
7
4
2
4
2
2
2
3
3
2
2
10
10
3
12
3
2
2
12
10
8
2
8
2
4
7
8
3
3
3
2
2
11
2
2
2
2
3
2
8
3
2
1
7
6
2
2
6
2
2
7
7
1
2
6
2
2
2
2
7
2
2
2
6
5
2
2
2
2
2
2
2
2
2
2
2
2
2
2
2
2
2
1
