201 25600
202 31974.9
203 15872.3
204 18962.8
205 20251
206 21635.4
207 24560.8
208 29495.8
209 20148.7
210 14778.9
211 19977
212 18202.1
213 24582
214 19508.3
215 19707.6
216 19693.4
217 15780.9
218 19436.7
219 13964.2
220 22657.5
221 20376.7
222 14780.3
223 16365.4
224 18410.1
225 18118.3
226 15744.2
227 19833.1
228 16390.4
229 19106.3
230 20155
231 18097.7
232 18986.1
233 19321.7
234 22340.1
235 22501.4
236 25960.5
237 17251.1
238 16657
239 17158.6
240 18121.4
241 18364.5
242 25952.7
243 23180.7
244 19798.9
245 20292.1
246 22892.3
247 21834.2
248 23129.4
249 21248.4
250 27073.6
251 22521.1
252 25718.2
253 23408.6
254 26027.1
255 27185.4
256 29443.7
257 25055.9
258 23270.6
259 24969.9
260 22381.9
261 22757.2
262 24076.7
263 26730.4
264 31072
265 35239.3
266 25412.6
267 25636.5
268 26194.7
269 27700.9
270 26418.7
271 22509
272 24694.4
273 19905.9
274 22446.4
275 23881.6
276 23025.8
277 23939.1
278 24092.9
279 22764.4
280 24903.2
281 26517.8
282 23607.4
283 22281
284 25641.6
285 28774.4
286 21661.8
287 25468.6
288 31437.2
289 26581
290 30472.7
291 27350
292 30835.4
293 26330.5
294 23289.3
295 30788.4
296 29853.8
297 31183.3
298 30313.7
299 39621.9
300 30714.4
301 21099.7
302 21313.7
303 20033.3
304 21147.9
305 21562.6
306 22291.2
307 27108.6
308 29149.3
309 25341.5
310 26646.8
311 24429.5
312 24494.1
313 22309.4
314 23429.9
315 22844.4
316 23522.3
317 31210.6
318 21234.4
319 21262.4
320 19591.9
321 16514
322 15636.6
323 16605.8
324 18548.6
325 16211.7
326 14457.4
327 17242.4
328 15589.4
329 15283.5
330 16338
331 19464.5
332 18697.9
333 19042.1
334 17385.7
335 17050.6
336 17106.4
337 16762.8
338 16997.7
339 18073
340 19535.6
341 16047.1
342 15371
343 18043.1
344 16625.2
345 17936.9
346 16922.4
347 18968.4
348 15152.7
349 15676
350 15756.5
351 15012.1
352 16434.4
353 14674.3
354 15377.3
355 14381.1
356 14986.4
357 15343.7
358 16336.9
359 17797.3
360 16015.3
361 14949.4
362 14356
363 13274.3
364 10669.5
365 14147.5
366 12208.8
367 10509.1
368 8826.98
369 8759.5
370 9994.39
371 10029.4
372 9875.88
373 9416.21
374 10085.3
375 9692.83
376 10687.4
377 11757.7
378 10681.7
379 11209
380 10813.1
381 11456.8
382 11116.4
383 13193.4
384 11520.6
385 11710.8
386 11374.8
387 10722.8
388 10428.4
389 10229.5
390 10998.6
391 9897.53
392 10324.5
393 8957.5
394 8040.57
395 9728.26
396 10335.6
397 8633.99
398 9548.31
399 8911.86
400 9342.34
401 9529.04
402 9805.93
403 8846.35
404 9151.73
405 9320.54
406 9517.46
407 9263.23
408 10461.6
409 9705.7
410 10079.8
411 10646.4
412 9375.2
413 9544.46
414 9141.23
415 9571.99
416 9775.99
417 9916.75
418 9040.33
419 9117.67
420 9946.84
421 9431.36
422 10352.8
423 9611.89
424 8768.83
425 9517.54
426 9586.21
427 9402.12
428 10340.5
429 9174.98
430 8418.31
431 9027.96
432 9433.65
433 8918.72
434 9041.22
435 8003.63
436 7770.03
437 9303.49
438 9536.04
439 8311.16
440 9076.03
441 9187.8
442 8360.28
443 9391.69
444 8399.89
445 8357.97
446 9260.18
447 8181.94
448 9223.53
449 9333.87
450 8859.69
451 8856.92
452 9019.35
453 8934.84
454 9268.65
455 10413.2
456 9665.7
457 10814
458 11429.3
459 11450.3
460 11262.7
461 9742.22
462 9856.11
463 9771.9
464 10347.5
465 11999.5
466 11998.7
467 10812.9
468 9705.68
469 10661.2
470 10384
471 11046.7
472 11348.2
473 11083.4
474 11562.6
475 10706.7
476 10306.2
477 12712.6
478 11560.3
479 11872.6
480 13123.2
481 12353.2
482 12265.3
483 11358.3
484 10973.3
485 10688
486 11630.5
487 10785.7
488 11034.3
489 11363.1
490 10617
491 11340.4
492 11394.6
493 10705.2
494 10727.4
495 9847.44
496 9758.93
497 10299.3
498 13149.2
499 12249.8
500 12937.2
501 14885.6
502 14923.4
503 16018.3
504 16352.5
505 16281
506 16487.3
507 17796
508 19546.5
509 20860.8
510 21291.6
511 20562.7
512 19974.9
513 18162
514 18732
515 18343.2
516 19980.7
517 17970.8
518 16397
519 16499
520 16407.7
521 15802.2
522 15880.7
523 15609
524 15055.2
525 14985.6
526 15791.5
527 15880.3
528 17207.3
529 15967.8
530 15559.4
531 15647.7
532 16512.3
533 15654.5
534 16443.8
535 16524.4
536 15813
537 16019.2
538 15576.1
539 15966.5
540 15699.7
541 16057.9
542 16095.4
543 15706.8
544 16510.8
545 16314.1
546 16201.2
547 15148.7
548 16259.7
549 16806.5
550 16730.4
551 16235.4
552 16776.4
553 15401.5
554 16011.9
555 17394.5
556 16000.1
557 17010.8
558 16614.1
559 17024.7
560 17265.7
561 18190.8
562 17259.3
563 18452.7
564 17645.1
565 17704.1
566 17271.2
567 18686.1
568 19956
569 17785.9
570 17485.1
571 17440.2
572 16278.2
573 15796.2
574 15221.9
575 14317
576 13361.6
577 14594.6
578 13009.3
579 12036.8
580 12549.5
581 13188.6
582 14171.6
583 12726.7
584 13076.9
585 13527
586 13986.8
587 14527.2
588 14079.5
589 14138.8
590 13974.7
591 12949.1
592 11866.9
593 11753
594 11634.6
595 11506.2
596 10975.9
597 11142.6
598 11187.8
599 10448.2
600 11369.6
601 10744.5
602 10605.5
603 11758.8
604 9411.93
605 10806.7
606 10614
607 10410.9
608 10289.6
609 10188
610 10205.5
611 9307.34
612 8992.96
613 9016.95
614 8696.16
615 8329.96
616 9055.17
617 9146.62
618 8546.97
619 9113.62
620 9161.34
621 9393.45
622 8574
623 9080.44
624 9077.88
625 8589.9
626 10068.5
627 9719.27
628 7665.54
629 8556.58
630 9937.25
631 8720.18
632 8299.93
633 8962.03
634 8594.47
635 8362.98
636 8709.04
637 8670.66
638 8753
639 7674.92
640 7984.61
641 7369.17
642 8224.85
643 8459.52
644 9452.15
645 10348.1
646 9761.78
647 9282.13
648 10373.5
649 8280.65
650 8657.99
651 12000.7
652 12043.2
653 13336
654 13810.2
655 12128.3
656 11215.3
657 11617.7
658 12249.4
659 12256.8
660 13272.8
661 12145.3
662 12877.8
663 12058
664 12210.2
665 13027.4
666 15724.6
667 12255.1
668 11524.8
669 11718.2
670 11897
671 12590.4
672 12051
673 12082.4
674 11733.4
675 11880.3
676 16009
677 15607.8
678 13439.7
679 13632.1
680 14457.6
681 12702
682 13351.8
683 13110.8
684 13011.6
685 12706.9
686 13380.2
687 14691.7
688 12669.2
689 12895.7
690 12719.1
691 14925.8
692 13378.5
693 14066.3
694 14208.6
695 14081.8
696 14366.5
697 14752.4
698 14561.3
699 15524
700 13853.8
701 20145.9
702 19301.7
703 19815.9
704 20801
705 22076.7
706 17963.4
707 18268.7
708 18317.1
709 18097.1
710 18576.2
711 18796.7
712 18442.9
713 17848.7
714 17275.3
715 18800.1
716 17499.9
717 17600.9
718 17752.3
719 17507.2
720 17821.6
721 18008.5
722 18187
723 17161.8
724 17707.3
725 17544.4
726 21470.7
727 21063.3
728 21802
729 21650.9
730 20628.2
731 19068.2
732 18564
733 19338.9
734 17765.6
735 18202.3
736 18759.2
737 19144.2
738 20372.8
739 19170.2
740 19046.1
741 23720.7
742 21822.7
743 24465.4
744 24259.6
745 23942.5
746 22896.1
747 20417
748 20807.8
749 17697
750 15916.4
751 15286.6
752 14943
753 13873.5
754 14455.8
755 14181.4
756 14340.9
757 13403.5
758 12164.8
759 11292.6
760 12013.6
761 10993.1
762 11882.3
763 11111.1
764 10234.3
765 10463
766 10046.3
767 10891.2
768 10585.5
769 11163.1
770 10382.4
771 10355.6
772 12264.9
773 11487.9
774 10667.6
775 11298.1
776 15125.6
777 16332.7
778 14642.4
779 15892.4
780 15845.9
781 14618.9
782 13737.3
783 14811.7
784 15748
785 15310.6
786 15412.7
787 15032.1
788 15333.8
789 15309.3
790 15348.6
791 16066.5
792 15134.3
793 14943.2
794 14325.9
795 15840.9
796 16158.7
797 15326.1
798 17148.5
799 16347.3
800 15139.3
801 14512.6
802 14885.1
803 13681.5
804 13912.6
805 14713.6
806 16720.6
807 15081.9
808 16046.2
809 15002.1
810 14383.2
811 15289.2
812 14231
813 15745.9
814 15384.8
815 15124.2
816 15871.4
817 17837.8
818 15448
819 15168.2
820 14911.8
821 14831
822 17712.3
823 24389.9
824 21834.4
825 18545.9
826 20695.9
827 16826.8
828 16932.7
829 16791.5
830 17247.3
831 14191.1
832 22054.5
833 17476.8
834 13745.3
835 11880.1
836 16630.6
837 15685.7
838 15454.2
839 15767.5
840 14944.6
841 13097.5
842 11416.9
843 12004.9
844 11334.2
845 10490
846 9979.74
847 10304.2
848 10973.6
849 12374.8
850 11702.5
851 20342.5
852 19655.6
853 21123.9
854 21487.7
855 22212.6
856 19876.6
857 19561.2
858 20471.7
859 19383.6
860 18175.1
861 18436.6
862 18040.9
863 20948.1
864 18994.6
865 17803.4
866 18828.7
867 19057.7
868 18523.7
869 17313.1
870 22483.3
871 18879.5
872 19922
873 22473.6
874 21600.3
875 19501.3
876 21110
877 22270.3
878 16855
879 21226.9
880 19749.4
881 21862.6
882 16417.8
883 14349.2
884 14415.9
885 16740.2
886 16049.2
887 15446.7
888 15066.7
889 16087.8
890 16262.9
891 13672.8
892 14531.2
893 14599.4
894 14661.4
895 13692.1
896 14033.7
897 13587.9
898 12837.8
899 13477.2
900 13638.9
901 10919.8
902 11117.4
903 11720.2
904 11228.2
905 11660.2
906 12222.5
907 12330.7
908 13307.2
909 14332.7
910 13362.9
911 12997.2
912 13536.7
913 13322.3
914 13482.2
915 13435
916 14629.2
917 13716
918 13693.7
919 13742.2
920 17145.4
921 15375.5
922 14905.2
923 13633.5
924 15456.1
925 15470.7
926 14711.6
927 15215.7
928 12857
929 13400.8
930 12620.3
931 17522.9
932 18180.6
933 17727.9
934 18097.9
935 18978.2
936 18486.7
937 16928
938 18093.5
939 20480.3
940 19881.8
941 18113.7
942 17905.2
943 18305
944 19383.7
945 19718
946 20219.2
947 21051.1
948 20429.7
949 20983.7
950 20149.7
951 20413.3
952 18586.2
953 18506.8
954 18876.9
955 19322.5
956 20804.9
957 20393.9
958 22270.7
959 21829.9
960 21599.6
961 20964.8
962 21078.3
963 19737.7
964 21193.4
965 21552.2
966 21817.4
967 21917.3
968 21313.6
969 22046.1
970 20256.2
971 20951.2
972 20008.2
973 21067.6
974 20657.9
975 21529.5
976 21160.6
977 22247.3
978 24356.6
979 20753.1
980 20597.5
981 20192.9
982 19650
983 21403.9
984 20685.6
985 21892.2
986 21152.9
987 19787.1
988 19357.7
989 19037.1
990 20855.1
991 16065.4
992 13682.5
993 15460.5
994 18065.9
995 17998.3
996 18097.2
997 16044.9
998 15955.5
999 16587.5
1000 16822.4
1001 21687.3
1002 22156.2
1003 22154.2
1004 22409.6
1005 21285.7
1006 14874.3
1007 16574
1008 14233.8
1009 13625.9
1010 13962.4
1011 18337.1
1012 18310.7
1013 17194.9
1014 17293.7
1015 16772
1016 13445.1
1017 13589.9
1018 13237
1019 13981.1
1020 12526.7
1021 13364.9
1022 13598.8
1023 13320.3
1024 14961.3
1025 14240.8
1026 15702.8
1027 15518.4
1028 15201.8
1029 14664.6
1030 14308.7
1031 13059
1032 12842.2
1033 12556.3
1034 12453.1
1035 12452
1036 13319.7
1037 12911.4
1038 13230.7
1039 11952
1040 12635.3
1041 13404
1042 13280.2
1043 14067.8
1044 13785.7
1045 13725.4
1046 14541.9
1047 13889.2
1048 12343.1
1049 13461.1
1050 13746.2
1051 15254
1052 13929.6
1053 14881.9
1054 13253.7
1055 13197.8
1056 13228.4
1057 13951.9
