201 168.87 200
202 164.599 200
203 188.679 200
204 186.032 200
205 182.886 200
206 178.104 200
207 179.651 200
208 170.926 200
209 201.804 200
210 202.918 200
211 209.26 200
212 184.149 200
213 173.469 200
214 188.802 200
215 183.573 200
216 179.624 200
217 182.01 200
218 180.955 200
219 182.203 200
220 169.151 200
221 171.782 200
222 186.821 200
223 183.602 200
224 184.983 200
225 175.191 200
226 180.081 200
227 167.979 225
228 181.358 225
229 196.837 225
230 196.719 225
231 178.738 230
232 180.669 225
233 187.858 225
234 179.766 225
235 206.875 225
236 172.486 235
237 197.033 230
238 196.174 230
239 186.215 230
240 200.793 230
241 201.325 230
242 175.872 225
243 179.031 225
244 180.469 225
245 182.582 225
246 172.296 245
247 184.364 230
248 191.42 230
249 215.785 230
250 184.576 230
251 202.561 250
252 228.16 250
253 197.061 250
254 198.899 250
255 196.857 250
256 195.042 255
257 210.84 250
258 205.488 250
259 214.195 250
260 196.774 250
261 211.934 260
262 231.999 255
263 236.651 255
264 202.474 255
265 200.739 255
266 226.414 265
267 227.307 260
268 195.319 260
269 192.647 260
270 195.099 260
271 198.606 270
272 185.856 265
273 198.155 265
274 188.02 265
275 178.702 265
276 175.343 265
277 208.325 275
278 170.869 275
279 171.235 275
280 169.702 275
281 167.636 280
282 199.868 275
283 179.159 275
284 166.015 275
285 158.1 275
286 189.551 285
287 163.986 280
288 162.429 280
289 191.082 280
290 174.867 280
291 214.175 290
292 181.138 285
293 216.163 285
294 187.361 285
295 177.424 285
296 179.68 295
297 174.817 290
298 181.422 290
299 168.018 290
300 169.892 290
301 194.839 300
302 195.203 300
303 189.789 300
304 195.991 300
305 174.909 300
306 174.249 305
307 180.637 300
308 173.156 300
309 176.926 300
310 183.867 300
311 216.881 310
312 218.282 305
313 214.93 305
314 208.015 305
315 220.2 305
316 229.656 315
317 239.712 310
318 227.432 310
319 225.97 310
320 230.834 310
321 223.801 320
322 220.39 305
323 219.559 315
324 190.538 315
325 201.246 315
326 188.228 325
327 193.286 325
328 191.666 325
329 183.67 325
330 192.757 325
331 195.023 330
332 196.099 325
333 177.047 325
334 190.429 325
335 184.684 325
336 188.376 335
337 184.398 330
338 194.508 330
339 200.306 330
340 205.484 330
341 187.67 340
342 183.799 335
343 192.836 335
344 195.83 335
345 205.67 335
346 204.775 335
347 208.033 330
348 201.13 330
349 202.809 330
350 199.973 330
351 197.142 350
352 194.363 350
353 204.303 350
354 201.977 350
355 202.27 350
356 199.54 355
357 202.084 350
358 206.634 350
359 206.584 350
360 199.515 350
361 187.534 360
362 186.788 355
363 187.65 355
364 183.31 355
365 185.474 355
366 170.933 365
367 167.272 360
368 166.348 360
369 167.235 360
370 168.007 360
371 167.79 370
372 167.514 365
373 166.665 365
374 170.707 365
375 170.056 365
376 166.226 375
377 166.844 375
378 164.81 375
379 166.756 375
380 166.38 375
381 167.775 380
382 163.193 375
383 167.919 375
384 158.386 375
385 160.281 375
386 154.675 385
387 159.116 380
388 154.166 380
389 155.908 380
390 154.519 380
391 153.936 380
392 150.57 385
393 155.08 385
394 153.799 385
395 148.208 385
396 154.251 395
397 154.977 390
398 153.216 390
399 152.976 390
400 147.406 390
401 150.247 400
402 153.878 375
403 147.819 375
404 146.514 375
405 149.057 375
406 154.598 405
407 144.968 400
408 154.078 400
409 150.746 400
410 149.827 400
411 153.337 410
412 146.27 405
413 152.894 405
414 153.116 405
415 155.634 405
416 152.122 415
417 142.1 410
418 143.014 410
419 142.542 410
420 152.574 410
421 150.823 420
422 153.69 415
423 143.232 415
424 143.78 415
425 148.109 415
426 144.503 425
427 143.078 420
428 140.738 420
429 142.1 420
430 139.219 420
431 142.706 430
432 142.64 425
433 142.762 425
434 139.383 425
435 137.761 425
436 138.918 435
437 142.594 430
438 140.081 430
439 137.359 430
440 138.886 430
441 131.517 440
442 133.824 435
443 139.375 435
444 137.644 435
445 136.539 435
446 136.301 445
447 132.322 440
448 129.087 440
449 142.295 440
450 143.54 440
451 136.829 450
452 138.582 445
453 129.279 445
454 131.192 445
455 135.7 445
456 130.552 455
457 123.894 450
458 137.44 450
459 129.939 450
460 140.022 450
461 132.684 460
462 132.059 455
463 131.756 455
464 135.368 455
465 139.419 455
466 137.151 465
467 141.463 460
468 136.397 460
469 139.912 460
470 132.962 460
471 144.685 470
472 149.329 465
473 146.968 465
474 142.528 465
475 142.171 465
476 138.008 475
477 139.462 470
478 140.294 470
479 142.14 470
480 139.444 470
481 141.771 480
482 140.555 475
483 150.888 475
484 149.639 475
485 147.829 475
486 152.516 485
487 142.567 480
488 142.264 480
489 146.255 480
490 142.107 480
491 145.379 490
492 145.205 485
493 147.647 485
494 150.849 485
495 147.764 485
496 147.992 495
497 146.04 490
498 158.683 490
499 155.38 490
500 156.251 490
501 168.408 500
502 169.617 495
503 168.879 495
504 179.483 495
505 178.049 495
506 187.763 505
507 184.813 500
508 189.072 500
509 195.3 500
510 199.223 500
511 189.18 510
512 190.303 505
513 180.448 505
514 183.413 505
515 186.646 505
516 193.982 515
517 188.366 510
518 183.998 510
519 182.883 510
520 170.558 510
521 175.401 520
522 167.838 515
523 168.357 515
524 166.633 515
525 164.864 515
526 166.469 525
527 166.572 520
528 180.103 520
529 173.51 520
530 174.721 520
531 168.034 530
532 177.179 525
533 168.84 525
534 176.378 525
535 177.565 525
536 174.834 535
537 175.022 530
538 169.547 530
539 177.145 530
540 173.959 530
541 171.479 540
542 173.574 535
543 169.925 535
544 177.824 535
545 166.617 535
546 177.646 545
547 173.468 540
548 179.894 540
549 179.097 540
550 178.31 540
551 176.792 550
552 179.069 545
553 172.976 545
554 173.28 545
555 179.049 545
556 173.471 555
557 164.798 550
558 166.176 550
559 166.896 550
560 170.677 550
561 177.368 560
562 172.389 555
563 177.034 555
564 164.925 555
565 163.364 555
566 167.319 565
567 180.574 560
568 184.744 560
569 176.918 560
570 181.177 560
571 181.731 570
572 178.025 555
573 186.438 555
574 187.038 555
575 182.057 555
576 177.917 575
577 184.247 570
578 180.497 570
579 186.964 570
580 187.779 570
581 187.085 580
582 188.173 575
583 180.589 575
584 177.391 575
585 175.064 575
586 179.85 585
587 182.37 580
588 175.1 580
589 175.18 580
590 174.528 580
591 170.278 590
592 168.337 585
593 168.508 585
594 169.407 585
595 169.341 585
596 169.263 595
597 170.341 590
598 173.011 590
599 169.814 590
600 172.345 590
601 171.584 600
602 169.734 575
603 167.926 575
604 170.674 575
605 172.768 575
606 178.775 605
607 178.231 600
608 182.288 600
609 176.291 600
610 179.357 600
611 178.485 610
612 180.232 605
613 180.74 605
614 179.17 605
615 178.868 605
616 177.867 615
617 178.657 610
618 183.14 610
619 182.979 610
620 189.636 610
621 179.065 620
622 181.458 615
623 180.962 615
624 180.463 615
625 178.856 615
626 184.581 625
627 179.706 625
628 170.302 625
629 170.722 625
630 169.134 625
631 182.123 630
632 185.419 625
633 187.838 625
634 186.169 625
635 183.853 625
636 185.337 635
637 177.845 630
638 172.709 630
639 167.834 630
640 164.741 630
641 163.965 640
642 167.005 635
643 179.628 635
644 183.124 635
645 189.013 635
646 191.84 645
647 180.777 640
648 184.375 640
649 185.228 640
650 182.53 640
651 181.76 650
652 187.09 650
653 189.93 650
654 192.905 650
655 183.727 650
656 183.167 655
657 185.576 650
658 185.892 650
659 184.809 650
660 186.252 650
661 184.284 660
662 182.723 655
663 182.637 655
664 184.112 655
665 185.016 655
666 200.272 665
667 185.541 660
668 183.532 660
669 184.976 660
670 184.892 660
671 186.823 670
672 185.164 665
673 185.176 665
674 186.953 665
675 185.643 665
676 187.745 675
677 186.587 675
678 183.864 675
679 183.281 650
680 184.24 650
681 184.561 680
682 183.724 675
683 182.159 675
684 182.723 675
685 182.091 675
686 185.514 685
687 187.517 680
688 184.018 680
689 184.997 680
690 182.737 680
691 185.844 690
692 182.886 675
693 185.973 675
694 183.921 675
695 183.781 675
696 184.74 695
697 186.948 680
698 186.256 680
699 186.061 680
700 187.496 680
701 189.531 700
702 186.394 700
703 187.982 700
704 188.24 700
705 192.923 700
706 188.209 705
707 187.607 700
708 188.017 700
709 187.634 700
710 189.743 700
711 188.525 710
712 189.682 705
713 189.319 705
714 187.746 705
715 190.91 705
716 188.358 715
717 189.247 710
718 189.095 710
719 188.275 710
720 188.624 710
721 188.506 720
722 189.964 715
723 186.251 715
724 188.745 715
725 187.707 715
726 189.702 725
727 188.39 725
728 189.445 725
729 189.71 725
730 186.525 725
731 186.164 730
732 185.86 725
733 187.851 725
734 185.861 725
735 186.578 725
736 186.503 735
737 185.535 730
738 188.015 730
739 186.858 730
740 187.011 730
741 198.787 740
742 195.669 735
743 206.723 735
744 204.048 735
745 203.239 735
746 199.372 745
747 191.272 740
748 196.695 740
749 187.453 740
750 184.101 740
751 186.2 750
752 181.779 745
753 179.711 745
754 184.687 745
755 181.872 745
756 185.826 755
757 183.458 750
758 176.952 750
759 172.543 750
760 171.153 750
761 177.484 760
762 183.834 755
763 185.838 755
764 184.222 755
765 188.028 755
766 187.002 765
767 188.38 760
768 185.826 760
769 185.676 760
770 185.745 760
771 190.433 770
772 187.403 765
773 188.657 765
774 199.801 765
775 202.698 765
776 189.773 775
777 201.666 600
778 186.821 575
779 194.754 575
780 188.596 575
781 184.603 780
782 184.489 780
783 183.75 780
784 186.09 780
785 186.723 780
786 185.256 785
787 184.749 780
788 188.126 780
789 187.115 780
790 186.712 780
791 197.01 790
792 185.135 790
793 184.54 790
794 184.494 790
795 185.171 790
796 185.785 795
797 183.154 790
798 182.227 790
799 185.858 790
800 184.061 790
801 184.371 800
802 181.96 800
803 171.218 800
804 169.057 800
805 172.476 800
806 180.273 805
807 175.573 800
808 176.99 800
809 173.014 800
810 169.118 800
811 169.483 810
812 175.214 805
813 185.039 805
814 184.868 805
815 181.459 805
816 186.351 815
817 188.179 810
818 189.384 810
819 196.543 810
820 195.131 810
821 202.277 820
822 201.195 815
823 203.649 815
824 201.434 815
825 182.39 815
826 184.233 825
827 164.265 800
828 163.42 800
829 157.049 800
830 147.212 800
831 150.536 830
832 142.782 815
833 133.897 805
834 143.302 825
835 143.087 800
836 137.016 835
837 142.675 830
838 139.223 830
839 144.716 830
840 144.876 830
841 152.616 840
842 149.536 835
843 150.226 835
844 148.639 835
845 153.914 835
846 159.805 845
847 160.204 810
848 158.058 840
849 160.937 840
850 162.704 840
851 154.695 850
852 158.605 830
853 164.595 830
854 165.823 830
855 165.194 830
856 156.603 855
857 156.262 855
858 151.081 855
859 151.341 855
860 142.64 855
861 147.663 860
862 146.27 855
863 153.048 855
864 146.279 855
865 145.931 855
866 145.652 865
867 140.301 855
868 142.668 855
869 136.361 860
870 149.813 860
871 143.496 870
872 146.592 865
873 117.167 865
874 150.567 865
875 146.466 865
876 112.31 875
877 113.939 875
878 115.16 875
879 113.177 875
880 112.796 875
881 109.685 880
882 108.389 875
883 108.209 875
884 106.936 875
885 104.845 875
886 104.864 885
887 106.918 880
888 108.076 880
889 108.166 880
890 104.334 880
891 107.16 890
892 103.315 885
893 104.441 885
894 103.928 885
895 106.928 885
896 105.778 895
897 105.493 890
898 108.502 890
899 105.56 890
900 104.576 890
901 104.187 900
902 106.045 900
903 102.933 900
904 102.943 900
905 102.782 900
906 104.173 905
907 104.164 900
908 103.136 900
909 102.26 900
910 104.03 900
911 103.741 910
912 102.115 905
913 102.281 905
914 102.775 905
915 103.747 905
916 102.172 915
917 103.838 910
918 106.168 910
919 105.139 910
920 107.861 910
921 104.74 920
922 104.587 915
923 105.274 915
924 103.499 915
925 104.415 915
926 108.946 925
927 108.643 925
928 110.249 925
929 110.068 925
930 109.062 925
931 106.368 930
932 104.645 925
933 106.027 925
934 102.742 925
935 101.854 925
936 101.805 935
937 101.571 935
938 102.705 930
939 101.828 930
940 100.982 930
941 98.7572 940
942 98.3506 935
943 98.2053 935
944 100.932 935
945 103.196 935
946 103.289 945
947 103.013 940
948 103.67 940
949 104.009 940
950 103.139 940
951 100.577 950
952 101.659 945
953 99.5872 945
954 100.309 945
955 102.884 945
956 102.502 955
957 101.892 950
958 102.831 950
959 104.572 950
960 103.738 950
961 102.286 960
962 102.86 955
963 103.286 955
964 102.772 955
965 102.35 955
966 104.361 965
967 105.952 960
968 106.901 960
969 105.301 960
970 110.632 960
971 101.644 970
972 101.335 965
973 104.072 965
974 104.605 965
975 106.454 965
976 158.858 975
977 164.684 975
978 170.923 975
979 162.636 975
980 159.054 975
981 158.622 980
982 156.409 980
983 161.151 980
984 159.252 980
985 165.346 980
986 157.733 985
987 155.375 985
988 156.789 980
989 155.444 980
990 166.317 980
991 184.948 990
992 183.089 800
993 194.61 800
994 204.675 800
995 207.168 800
996 205.078 995
997 206.431 800
998 188.254 810
999 191.434 810
1000 190.162 810
1001 179.017 1000
1002 182.597 985
1003 181.942 985
1004 175.467 985
1005 177.173 985
1006 173.081 1005
1007 182.391 1000
1008 175.306 1000
1009 170.491 1000
1010 171.552 1000
1011 167.578 1010
1012 165.986 1005
1013 162.989 1005
1014 161.842 1005
1015 159.308 1005
1016 168.816 1015
1017 167.065 1010
1018 167.046 1010
1019 165.407 1010
1020 158.977 1010
1021 167.252 1020
1022 169.25 1020
1023 169.329 1020
1024 180.209 810
1025 171.663 810
1026 161.375 1025
1027 168.333 1020
1028 167.217 1020
1029 167.558 1020
1030 168.11 1020
1031 169.413 1030
1032 168.417 1025
1033 167.94 1025
1034 168.949 1025
1035 167.044 1025
1036 162.791 1035
1037 169.192 1030
1038 169.579 1030
1039 168.408 1030
1040 164.611 1030
1041 169.34 1040
1042 170.171 1035
1043 171.293 1035
1044 176.239 1035
1045 172.837 1035
1046 180.021 1045
1047 171.582 1040
1048 166.274 1040
1049 168.456 1040
1050 167.912 1040
1051 181.094 1050
1052 178.697 1045
1053 183.388 1045
1054 174.138 1045
1055 172.359 1045
1056 178.186 1055
1057 182.766 1050
