200 4 2
200 397 788
200 397 788
200 397 788
200 397 788
225 455 904
225 455 904
225 455 904
225 455 904
225 455 904
250 397 788
250 397 788
250 397 788
250 397 788
250 397 788
275 434 862
275 434 862
275 434 862
275 434 862
275 434 862
300 410 814
300 410 814
300 410 814
300 410 814
300 410 814
325 449 892
325 449 892
325 449 892
325 449 892
325 449 892
350 386 766
350 386 766
350 386 766
350 386 766
350 386 766
375 382 758
375 382 758
375 382 758
375 382 758
375 382 758
400 389 772
375 382 758
400 389 772
375 382 758
400 389 772
425 447 888
425 447 888
425 447 888
425 447 888
425 447 888
450 446 886
450 446 886
450 446 886
450 446 886
450 446 886
475 360 714
475 360 714
475 360 714
475 360 714
475 360 714
500 469 932
500 469 932
500 469 932
500 469 932
500 469 932
525 405 804
525 405 804
525 405 804
525 405 804
525 405 804
550 413 820
525 405 804
550 413 820
525 405 804
550 413 820
575 431 856
550 413 820
575 431 856
550 413 820
575 431 856
600 449 892
575 431 856
600 449 892
575 431 856
600 449 892
625 449 892
625 449 892
625 449 892
625 449 892
625 449 892
650 433 860
650 433 860
650 433 860
650 433 860
650 433 860
675 470 934
650 433 860
675 470 934
675 470 934
675 470 934
700 436 866
700 436 866
700 436 866
700 436 866
700 436 866
725 427 848
725 427 848
725 427 848
725 427 848
725 427 848
750 437 868
725 427 848
750 437 868
750 437 868
750 437 868
775 451 896
575 431 856
575 431 856
575 431 856
575 431 856
800 404 802
800 404 802
800 404 802
800 404 802
800 404 802
825 421 836
800 404 802
825 421 836
800 404 802
800 404 802
850 463 920
850 463 920
850 463 920
850 463 920
850 463 920
875 425 844
875 425 844
875 425 844
875 425 844
875 425 844
900 466 926
900 466 926
900 466 926
900 466 926
900 466 926
925 465 924
925 465 924
925 465 924
925 465 924
925 465 924
950 426 846
950 426 846
950 426 846
950 426 846
950 426 846
975 434 862
975 434 862
975 434 862
800 404 802
800 404 802
1000 459 912
800 404 802
1000 459 912
800 404 802
800 404 802
1025 379 752
800 404 802
1025 379 752
1025 379 752
1025 379 752
1050 459 912
1025 379 752
